6|2,4,5,6|1|1,3,4,5,6| |1,4,5|2,4,6|1,3,4,5| |2,3,4|1,2,5,6|1,4,5,6| |5|1,5,6| |2,3,4,6| |2,4,5|1,3,6|1,3,4,5|1,2,4,5|1,2,3|1,5| |1,2,4,5|1,2,3,5|2,4,6|2,3,4|2
Way down south where the jungle grows,

1,2,4|3,4,5|2,3,4,6|1,2,3,5| |1,2,3,4,6| |1,4,5|1,5|1,5|1,2,3,4|1,2,4,5,6| |1,4,5,6|1|1,3,4,5| |1|1,3,4,5|1,3,4,5,6|5|1,3,5| |1,2,4,5|1,3,5|1,5|2,3,4|3,6|3,6
farther and deeper than anyone goes--

1| |2,4,5|1,5|1,2,3|1,2,3|1,3,4,5,6|1,2|2|1,3,4,5| |2,4,5|1,3,6|1,3,4,5|1,2,4,5|1,2,3|1,5| |3,4|1,2,3,4,6|2,3,4| |1|1,2,3|1,2,3| |1|1,2,3|5|1,3,5|2,5,6
a jellybean jungle stands all alone.

6|1,3,5|1,3,4,5|1,2,3|1,3,4,5,6| |6|2,4| |1,2,5| |2,3|2,6| |5|2,3,4,6|2
Only I have been there,

1| |1,2,3|5,6|1,2,4,5| |5|2,3,4,5| |1|1,2,4,5|1,3,5
a long time ago

6|5|2,3,4,6| |2,3,5,6| |2,4,5|1,5|1,2,3|1,2,3|1,3,4,5,6|1,2|2|1,3,4,5|2,3,4| |1,2,3,5,6| |1,5| |1,3|3,5|1,4,5
There were jellybeans of every kind

1,3,5,6| |1,4,5,6|2,4|1,4|1,3| |1,3,5,6| |2,3,4,6|1,3,4,5,6| |1,4|1,4,5| |2,3|2,3,5
as thick as they could be!

6|2,3,4,5|1,3,5|1,2,3,4|2| |1,2|1,3,5|2,3,4,5|2,3,4,5|1,3,5|1,3,4|2| |1,3,4|2,4|1,4,5|1,4,5|1,2,3|1,5|2| |2,3,4|2,4|1,4,5|1,5|2,3,4|3,6|3,6| |1,4|1,3,5|1,2,3,6|1,2,4,5,6|3,4,6| |1,5| |2,3,4,5|1,2,3,5|1,5|1,5|2,5,6
Top, bottom, middle, sides-- covering every tree.

6|1,4|4,6|2,3,4,5|3,4,6| |1|1,2,3|1,2,3| |2,3,4,6| |2,4,5|1,5|1,2,3|1,2,3|1,3,4,5,6|1,2|2|1,3,4,5|2,3,4| |1,2,5|1|1,3,4,5|1,2,4,5|3,4,6| |1,3,5|1,3,4,5| |2,3,4,6| |2,3,4,5|1,2,3,5|1,5|1,5| |2,4,5|1,5|2,3,4|2| |2,3,4|2| |1,3,4|1,3,4,5,6| |1,3,4|1,2,5,6|1,4,5,6| |2,4,5| |3,4|3,4,5|2,3,4,5|1,2,4,6| |2,4,5,6|1|2,3,4,5|1,2,4,5,6|3,4,6|3,6|3,6
Counting all the jellybeans hanging on the trees, my mouth just started watering--

1,2,5|2,4,6| |2,3,4,5|1|3,4|1,3,4,5,6| |2,3,4,6|1,3,4,5,6| |2,4,5,6|1,4,5| |2,3|2,3,5
how tasty they would be!

6|5|2,3,4,6| |3,5,6| |5|1,3,5| |2,4,5|1,5|1,2,3|1,2,3|1,3,4,5,6|1,2|2|1,3,4,5|3,6|3,6
There was one jellybean--

6|1,2,3|2,4|1,4|1,3,5|1,2,3,5|2,4|1,4|1,5|2| |6|2,4| |1,4,5,6|3,5|1,3|3,6|3,6
Licorice, I think--

2,3,4,5|2,4,5,6|1,3,5| |2,4,5|1,5|1,2,3|1,2,3|1,3,4,5,6|1,2|2|1,3,4,5|2,3,4|2| |1| |2,4,5,6|1|2,3,4,5|1,2,4,5,6|1,3,4|1,5|1,2,3|1,3,5|1,3,4,5| |1,2,3,4|3,5|1,3|2,5,6
two jellybeans, a watermelon pink.

6|1,4,5,6|1,2,3,5|1,5|1,5| |2,4,5|1,5|1,2,3|1,2,3|1,3,4,5,6|1,2|2|1,3,4,5|2,3,4|3,6|3,6| |1| |2,4,5|1,3,6|2,4|1,4|1,3,4,5,6| |1,6|1,2,4,5,6|1,2,3,5|1,3,4,5,6| |1,2,3,5|1,2,4,6|2
Three jellybeans-- a juicy cherry red,

1,2,3,4,6| |1,2,4|1,2,5,6|1,2,3,5| |2,4,5|1,5|1,2,3|1,2,3|1,3,4,5,6|1,2|2|1,3,4,5|2,3,4|3,6|3,6
and four jellybeans--

1,2,5|1,3,5|2,3,4,5| |1,4|3,5|1,3,4,5|1|1,3,4|1,3,5|1,3,4,5|2| |3,5|3,4|2|1,4,5|2,5,6
hot cinnamon, instead.

6|1,2,4|2,4|1,2,3,6|1,5| |1,2,4,5|1,2,3,5|1|1,2,3,4|1,5| |2,4,5|1,5|1,2,3|1,2,3|1,3,4,5,6|1,2|2|1,3,4,5|2,3,4
Five grape jellybeans

1,2,3,4,6| |2,3,4|2,4|1,3,4,6| |1,2,3|1,5|1,3,4|1,3,5|1,3,4,5|3,6|1,2,3|2,4|1,3,4|1,5|3,6|3,6
and six lemon-lime--

1,2,3,4,6| |2,3,4|1,5|1,2,3,6|2,6| |1,3,5|1,2,3,5|1|1,3,4,5|1,2,4,5|1,5| |2,4,5|1,5|1,2,3|1,2,3|1,3,4,5,6|1,2|2|1,3,4,5|2,3,4
and seven orange jellybeans

1,2,5|1|1,3,4,5|1,2,4,5|3,4,6| |1,3,5|1,3,4,5| |1| |1,2,3,6|3,5|1,5|2,5,6
hanging on a vine.

6|2,4| |2,3,4|1|2,4,5,6| |1| |1,3,4|1,3,5|1,3,4,5|1,3|1,5|1,3,4,5,6| |1,5|1|2,3,4,5| |1,5|2,4|1,2,6|2,3,4,5| |1,2|1|1,3,4,5|1|1,3,4,5|1| |2,4,5|1,5|1,2,3|1,2,3|1,3,4,5,6|1,2|2|1,3,4,5|2,3,4|2
I saw a monkey eat eight banana jellybeans,

1,2,3,4,6| |6|2,4| |1,4|4,6|2,3,4,5|1,2,4,6| |1,3,4,5|3,5|1,5| |2,4,5|1,5|1,2,3|1,2,3|1,3,4,5,6|1,2|2|1,3,4,5|2,3,4| |1| |2,3,4|1,2,3,4|1,5|3,4,5|1,3,4|3,5|2,3,4,5| |1,2,4,5|1,2,3,5|1,5|2,6|2,5,6
and I counted nine jellybeans a spearmint green.

6|2,4| |1,4|4,6|2,3,4,5|1,2,4,6| |1,3,6|1,2,3,4| |2,3,4,5|1,3,5| |2,3,4,5|2,6|3,6|3,6
I counted up to ten--

2,3,4,6|1,3,4,5,6| |1,3,4|1,3,6|3,4| |1,2,5| |2,3|2,6| |1,2|1,2,3|1,3,6|1,5|1,2|1,2,4,5,6|1,2,3,5|1,3,4,5,6|2,5,6
they must have been blueberry.

6|2,4| |1,4|1,4,5|3|1,2,3,6|1,5| |1,2,3,4|2,4|1,4|1,3|1,2,4,6| |1| |1,2|1,3,6|1,4,6|1,5|1,2,3
I could've picked a bushel

2,4|1,2,4|   6|2,4| |4,5,6|1,2,5|1,3,4,5|3|2,3,4,5| |4,5,6|1,2,5| |2,3,4,5|1,3,5| |1,2,5|1,3,6|1,2,3,5|1,2,3,5|1,3,4,5,6|2,5,6
if I hadn't had to hurry.

6|2,4|3|1,4,5| |1,3,5|1,3,4,5|1,2,3|1,3,4,5,6| |1,2,3,4|2,4|1,4|1,3|1,2,4,6| |5|1,3,5| |2,4,5|1,5|1,2,3|1,2,3|1,3,4,5,6|1,2|2|1,3,4,5
I'd only picked one jellybean

1,5,6|2,6| |6|2,4| |1,2,5|1,5|3,4,5|1,4,5| |2,3,4|1,6| |1| |1,2,3,5|1,3,5|3,4,5|2,3,5
when I heard such a roar!

6|1,4,5|1,5|1,5|1,2,3,4| |3,5|2,3,4|2,4|1,4,5|1,5| |2,3,4,6| |2,4,5|1,3,6|1,3,4,5|1,2,4,5|1,2,3|1,5
Deep inside the jungle

2,3,4,5|3|2,3,4| |1| |2,3,4|4,6|1,4,5| |1,3,4,5,6| |1,4,5|1,3,5|1,3,4,5|3|2,3,4,5| |2,4|1,2,4,5|1,3,4,5|1,3,5|1,2,3,5|1,5|2,3,5
that's a sound you don't ignore!

6|1,3,4,5|1,3,5| |5|2,3,4,5| |2,3,4,5|1,3,5| |1,2,3,4|2,4|1,4|1,3| |2,4,5|1,5|1,2,3|1,2,3|1,3,4,5,6|1,2|2|1,3,4,5|2,3,4| |2,3,4,5|1,3,5| |1,4|3,4,5|1,2,3,5|1,3,4,5,6| |3,5
No time to pick jellybeans to carry in

1,3,4|1,3,4,5,6| |1,2,3,4|1,3,5|1,4|1,3|1,5|2,3,4,5|2,5,6| |6|2,4| |1,2,3,5|1|1,3,4,5| |1,2,3,4,6| |1,2,3,5|1|1,3,4,5| |1,2,3,4,6| |1,5,6|2,6| |6|2,4| |3,4|1,3,5|1,2,3,4|1,2,3,4|1,2,4,6|3,6|3,6| |1,3,4|1,3,4,5,6| |1,6|4,6|1,5|3,6|3,6|2,4,5,6|1,5|1,2,3|1,2,3|2
my pocket. I ran and ran and when I stopped-- my chance--well,

6|2,4| |4,5,6|1,2,5| |1,2,3|1,3,5|3,4| |1,3,4,6|2,5,6
I had lost it. 

6|2,4|3|1,4,5| |1,2,3|1,5|1,2,4|2,3,4,5| |2,3,4,6| |2,4,5|1,5|1,2,3|1,2,3|1,3,4,5,6|1,2|2|1,3,4,5| |2,4,5|1,3,6|1,3,4,5|1,2,4,5|1,2,3|1,5| |1,2,3,6| |1,2,4|3,4,5| |2,3|1,2,5|2
I'd left the jellybean jungle very far behind,

6|2,4|3|1,2,3,6|1,5| |1,3,4,5|5|1,5| |5|1,5| |1,2,4|4,6|1,4,5| |1,3,4,6| |2,3,4|3,5|1,4|1,5|2
I've never ever found it since,

1,5|1,2,3,6|2,6| |1,4,5,6|1,2,5,6|1,2,6| |6|2,4|3|1,2,3,6|1,5| |2,3,4,5|1,2,3,5|2,4|1,2,4,6|2,5,6
even though I've tried.

6|1,2| |6|2,4| |3,4| |1,2,5| |2,3,4,5| |2,4,5|1,5|1,2,3|1,2,3|1,3,4,5,6|1,2|2|1,3,4,5|2,3
But I still have that jellybean;

5|2,3,4|5|1,4,5| |6|2,4| |1,2,3,4|1,2,3|1|1,3,4,5| |2,3,4,5|1,3,5| |2,3,4|1,5|1,5| |2,4|1,2,4| |2,3,4,5| |2,4,5|1,3,6|1,3,4,5|1,2,4,5|1,2,3|1,5
someday I plan to see if that jungle

2,4,5|1,5|1,2,3|1,2,3|1,3,4,5,6|1,2|2|1,3,4,5| |2,4,5,6| |1,2,4,5|1,2,3,5|2,4,6| |3,5|2,3,4,5|1,3,5| |1| |2,3,4,5|1,2,3,5|1,5|1,5|2,5,6
jellybean will grow into a tree.

6|5|1,2,3,5| |5|2,3,4,6| |3,5| |1,3,4|1,3,4,5,6| |2,4,6|1,3,4,5| |1,2|1|1,4|1,3|1,3,4,5,6|3,4,5|1,4,5| |6|2,4|3|1,2,3|1,2,3| |1,2,5| |1| |2,4,5|1,5|1,2,3|1,2,3|1,3,4,5,6|1,2|2|1,3,4,5| |2,3,4,5|1,2,3,5|1,5|1,5|2
Right there in my own backyard I'll have a jellybean tree,

1,2,3,4,6| |1|1,2,3|1,2,3| |1,3,4|1,3,4,5,6| |1,2,4|1,2,3,5|2,3,4| |2,4,5,6| |1,4|1,3,5|1,3,4|1,5
and all my friends will come

1,2,3,4,6| |1,4,6|3,4,5|1,5| |2,3,4,6| |2,4,5|1,5|1,2,3|1,2,3|1,3,4,5,6|1,2|2|1,3,4,5|2,3,4| |2,3,4,5,6| |1,3,4|1,5|2,3,5
and share the jellybeans with me!
